1 27.11 65.81 23.64 2024-12-21
2 24.54 61.32 88.56 2024-12-23
3 15.07 46.5 85.84 2024-12-11
4 9.05 63.33 56.51 2024-12-15
5 0.84 94.21 16.45 2024-12-10
6 36.26 63.41 37.5 2024-12-14
7 44.58 8.45 23.38 2024-12-16
8 30.17 92.19 86.8 2024-12-22
9 36.34 0.75 81.43 2024-12-18
10 38.29 17.8 18.14 2024-12-19
11 49.96 22.21 91.7 2024-12-14
12 6.02 5.69 2.69 2024-12-12
13 49.57 38.71 88.13 2024-12-16
14 8.94 93.96 87.71 2024-12-21
15 42.39 72.45 61.81 2024-12-23
16 31.48 1.28 94.39 2024-12-23
17 38.52 54.66 87.89 2024-12-15
18 20.42 1.02 73.72 2024-12-16
19 8.95 32.12 54.98 2024-12-16
20 6.18 83.45 14.02 2024-12-10
